
 CEPEL                       MODELO DE GERACAO DE SERIES SINTETICAS DE VAZOES E ENERGIAS - GEVAZP                    VERSAO  8_L                                     
                                                                                                                           PAG.   1
 PROGRAMA LICENCIADO PARA COMPASS COMERCIALIZADORA DE ENERGIA ELETRICA LTDA                                                                                                     
 -----------------------------------------------------------------------------------------------------------------------------------
 DATA : 17-02-2020 HORA :  20:34:54 CASO :     PMO - MARCO/20 - ABR/20 - REV 0 - FCF COM CVAR - 12 REE - VALOR ES
 -----------------------------------------------------------------------------------------------------------------------------------
             ,JAN               ,FEV               ,MAR               ,ABR               ,MAI               ,JUN               ,JUL               ,AGO               ,SET               ,OUT               ,NOV               ,DEZ               ,
 CAMARGOS    ,      246.00000000,      222.21590909,      197.97727273,      135.10227273,      101.50000000,       86.45454545,       72.17045455,       62.11363636,       64.94318182,       76.62500000,      109.32954545,      177.79545455,
 ITUTINGA    ,      246.00000000,      222.21590909,      197.97727273,      135.10227273,      101.50000000,       86.45454545,       72.17045455,       62.11363636,       64.94318182,       76.62500000,      109.32954545,      177.79545455,
 FUNIL-GRANDE,      577.21590909,      510.57954545,      454.17045455,      312.95454545,      230.43181818,      193.13636364,      161.97727273,      138.32954545,      141.50000000,      168.97727273,      251.14772727,      422.44318182,
 FURNAS      ,     1727.89772727,     1595.81818182,     1428.94318182,      978.01136364,      716.56818182,      601.40909091,      491.27272727,      404.15909091,      421.18181818,      496.61363636,      710.47727273,     1214.12500000,
 M. DE MORAES,     1928.39772727,     1797.60227273,     1611.53409091,     1104.67045455,      806.56818182,      672.19318182,      548.78409091,      451.04545455,      467.05681818,      550.59090909,      784.21590909,     1339.42045455,
 ESTREITO    ,     1970.73863636,     1846.64772727,     1656.36363636,     1139.75000000,      829.14772727,      689.98863636,      562.77272727,      462.12500000,      476.65909091,      561.67045455,      798.68181818,     1362.02272727,
 JAGUARA     ,     1986.87500000,     1867.85227273,     1675.62500000,     1155.88636364,      838.96590909,      697.77272727,      568.90909091,      467.02272727,      480.61363636,      565.86363636,      803.59090909,     1368.71590909,
 IGARAPAVA   ,     2036.17045455,     1927.75000000,     1729.79545455,     1199.25000000,      866.09090909,      719.07954545,      585.70454545,      480.26136364,      491.61363636,      578.64772727,      819.89772727,     1393.01136364,
 VOLTA GRANDE,     2148.88636364,     2054.14772727,     1845.29545455,     1288.90909091,      925.61363636,      766.06818182,      622.40909091,      509.62500000,      518.14772727,      609.18181818,      860.34090909,     1457.70454545,
 P. COLOMBIA ,     2426.34090909,     2347.94318182,     2116.77272727,     1490.53409091,     1064.40909091,      874.94318182,      707.80681818,      577.95454545,      582.22727273,      684.96590909,      965.01136364,     1630.38636364,
 CACONDE     ,       95.75000000,       97.05681818,       85.90909091,       58.82954545,       43.15909091,       35.80681818,       28.88636364,       24.39772727,       24.98863636,       30.76136364,       39.64772727,       69.21590909,
 E. DA CUNHA ,      156.44318182,      159.44318182,      140.26136364,       94.72727273,       69.70454545,       58.54545455,       47.71590909,       40.54545455,       41.65909091,       49.87500000,       64.05681818,      111.93181818,
 A.S.OLIVEIRA,      158.78409091,      161.94318182,      142.37500000,       96.28409091,       70.75000000,       59.56818182,       48.43181818,       41.19318182,       42.28409091,       50.64772727,       65.05681818,      113.50000000,
 MARIMBONDO  ,     3237.50000000,     3290.80681818,     2968.10227273,     2138.80681818,     1537.51136364,     1291.06818182,     1049.22727273,      871.28409091,      862.17045455,      987.89772727,     1336.69318182,     2196.09090909,
 A. VERMELHA ,     3616.12500000,     3732.53409091,     3384.92045455,     2458.26136364,     1758.95454545,     1482.82954545,     1207.72727273,     1008.81818182,      990.65909091,     1136.03409091,     1506.36363636,     2432.28409091,
 BATALHA     ,      186.88636364,      190.36363636,      194.21590909,      146.80681818,       93.85227273,       71.30681818,       56.07954545,       44.10227273,       37.70454545,       44.28409091,       77.21590909,      142.89772727,
 SERRA FACAO ,      311.44318182,      312.47727273,      315.04545455,      236.54545455,      149.13636364,      112.78409091,       88.62500000,       69.62500000,       59.32954545,       70.87500000,      125.34090909,      236.98863636,
 EMBORCACAO  ,      874.25000000,      870.93181818,      837.81818182,      610.11363636,      388.02272727,      298.42045455,      238.27272727,      191.06818182,      168.20454545,      199.61363636,      349.03409091,      645.97727273,
 NOVA PONTE  ,      515.84090909,      517.29545455,      486.89772727,      365.68181818,      251.70454545,      196.47727273,      161.92045455,      131.85227273,      120.22727273,      148.07954545,      222.63636364,      370.78409091,
 MIRANDA     ,      591.81818182,      595.76136364,      561.94318182,      425.89772727,      292.76136364,      229.48863636,      189.54545455,      156.43181818,      143.64772727,      174.51136364,      259.81818182,      426.89772727,
 CAPIM BRANC1,      601.68181818,      606.87500000,      572.52272727,      434.90909091,      298.72727273,      234.21590909,      193.47727273,      159.97727273,      146.76136364,      177.71590909,      264.12500000,      433.60227273,
 CAPIM BRANC2,      624.57954545,      632.23863636,      596.37500000,      455.09090909,      312.20454545,      245.00000000,      202.43181818,      168.04545455,      153.78409091,      184.92045455,      274.40909091,      449.40909091,
 CORUMBA IV  ,      212.04545455,      233.85227273,      235.19318182,      187.14772727,      116.69318182,       85.37500000,       66.55681818,       52.55681818,       45.37500000,       59.09090909,       97.94318182,      157.55681818,
 CORUMBA I   ,      733.90909091,      807.03409091,      815.86363636,      633.84090909,      398.86363636,      295.79545455,      232.23863636,      183.01136364,      157.67045455,      197.79545455,      333.43181818,      543.48863636,
 ITUMBIARA   ,     2663.78409091,     2749.63636364,     2694.78409091,     2017.54545455,     1303.89772727,     1005.52272727,      799.02272727,      640.14772727,      567.35227273,      686.76136364,     1126.85227273,     1942.22727273,
 CACH.DOURADA,     2788.62500000,     2887.67045455,     2830.11363636,     2125.01136364,     1375.47727273,     1062.39772727,      846.70454545,      679.61363636,      602.84090909,      723.26136364,     1181.17045455,     2032.62500000,
 SAO SIMAO   ,     4010.28409091,     4172.69318182,     4161.20454545,     3182.71590909,     2080.61363636,     1624.72727273,     1305.84090909,     1063.72727273,      960.82954545,     1135.27272727,     1758.05681818,     2948.23863636,
 I. SOLTEIRA ,     8794.04545455,     9195.36363636,     8856.05681818,     6672.28409091,     4584.77272727,     3751.84090909,     3063.57954545,     2568.01136364,     2443.89772727,     2814.54545455,     3898.36363636,     6228.23863636,
 BARRA BONITA,      748.81818182,      779.27272727,      668.13636364,      437.54545455,      349.61363636,      349.55681818,      273.05681818,      232.20454545,      254.84090909,      312.93181818,      341.94318182,      508.62500000,
 A.S. LIMA   ,      831.88636364,      869.32954545,      747.18181818,      493.93181818,      394.65909091,      395.05681818,      308.06818182,      263.21590909,      286.30681818,      347.25000000,      380.82954545,      562.64772727,
 IBITINGA    ,      979.37500000,     1020.89772727,      883.61363636,      601.12500000,      483.57954545,      480.44318182,      382.06818182,      328.93181818,      352.67045455,      419.45454545,      458.12500000,      671.23863636,
 PROMISSAO   ,     1171.90909091,     1224.77272727,     1068.64772727,      723.19318182,      582.69318182,      576.59090909,      463.47727273,      403.15909091,      430.04545455,      503.47727273,      546.84090909,      800.28409091,
 NAVANHANDAVA,     1256.73863636,     1317.31818182,     1145.13636364,      772.76136364,      618.85227273,      613.98863636,      491.67045455,      426.98863636,      454.45454545,      534.35227273,      581.70454545,      852.92045455,
 TRES IRMAOS ,     1313.85227273,     1403.43181818,     1232.44318182,      842.88636364,      661.48863636,      659.78409091,      529.31818182,      460.59090909,      482.90909091,      566.11363636,      613.39772727,      891.20454545,
 JUPIA       ,    10531.17045455,    11064.55681818,    10523.85227273,     7887.09090909,     5567.75000000,     4721.71590909,     3879.11363636,     3310.31818182,     3199.78409091,     3658.69318182,     4811.60227273,     7461.53409091,
 P. PRIMAVERA,    11420.88636364,    12197.71590909,    11632.90909091,     8931.87500000,     6468.53409091,     5618.76136364,     4602.77272727,     3931.13636364,     3821.53409091,     4329.73863636,     5476.96590909,     8143.65909091,
 A.A. LAYDNER,      333.38636364,      366.40909091,      310.96590909,      220.36363636,      194.85227273,      205.67045455,      176.96590909,      148.35227273,      160.75000000,      191.11363636,      185.40909091,      233.56818182,
 PIRAJU      ,      340.85227273,      375.15909091,      318.92045455,      226.10227273,      199.39772727,      211.01136364,      181.52272727,      152.18181818,      164.51136364,      195.90909091,      190.03409091,      238.73863636,
 CHAVANTES   ,      518.85227273,      544.60227273,      452.46590909,      327.22727273,      305.59090909,      322.48863636,      279.11363636,      230.88636364,      258.46590909,      307.64772727,      290.46590909,      354.29545455,
 L.N. GARCEZ ,      672.89772727,      715.34090909,      607.20454545,      449.60227273,      415.39772727,      436.12500000,      372.92045455,      313.43181818,      343.27272727,      402.11363636,      386.53409091,      469.82954545,
 CANOAS II   ,      683.55681818,      728.09090909,      619.10227273,      459.15909091,      423.52272727,      444.87500000,      380.31818182,      319.89772727,      349.59090909,      409.51136364,      394.02272727,      478.07954545,
 CANOAS I    ,      707.46590909,      755.07954545,      643.93181818,      478.82954545,      441.03409091,      463.42045455,      395.78409091,      333.37500000,      363.29545455,      425.19318182,      409.93181818,      496.20454545,
 MAUA        ,      313.98863636,      315.14772727,      259.48863636,      194.47727273,      237.26136364,      291.39772727,      289.55681818,      230.20454545,      261.38636364,      341.17045455,      285.42045455,      258.67045455,
 CAPIVARA    ,     1546.90909091,     1580.35227273,     1300.01136364,      989.60227273,     1002.17045455,     1110.47727273,      987.67045455,      808.01136364,      892.92045455,     1112.36363636,     1028.25000000,     1114.93181818,
 TAQUARUCU   ,     1620.40909091,     1659.82954545,     1369.82954545,     1044.07954545,     1055.55681818,     1170.48863636,     1045.53409091,      856.10227273,      940.90909091,     1175.65909091,     1087.38636364,     1172.18181818,
 ROSANA      ,     1789.22727273,     1838.78409091,     1536.90909091,     1175.97727273,     1182.02272727,     1315.77272727,     1176.42045455,      972.73863636,     1055.94318182,     1320.09090909,     1230.32954545,     1312.60227273,
 ITAIPU      ,    14924.04545455,    16088.53409091,    15078.97727273,    11974.03409091,     9648.56818182,     9042.26136364,     7615.45454545,     6383.23863636,     6414.11363636,     7699.20454545,     8544.64772727,    11198.01136364,
 STA CLARA PR,       94.43181818,       95.35227273,       81.78409091,       79.92045455,      106.70454545,      131.48863636,      119.61363636,       89.39772727,      109.89772727,      139.78409091,      109.59090909,       93.31818182,
 FUNDAO      ,       99.07954545,      100.07954545,       85.95454545,       83.88636364,      112.01136364,      137.84090909,      125.36363636,       93.81818182,      115.28409091,      146.78409091,      115.06818182,       97.82954545,
 JORDAO      ,      117.43181818,      117.81818182,      102.12500000,       99.90909091,      133.90909091,      164.39772727,      149.48863636,      111.90909091,      136.93181818,      172.80681818,      136.81818182,      115.70454545,
 G.B. MUNHOZ ,      624.69318182,      677.31818182,      611.14772727,      481.57954545,      579.46590909,      719.89772727,      727.32954545,      612.22727273,      720.23863636,      936.46590909,      696.61363636,      581.30681818,
 SEGREDO     ,      715.68181818,      771.78409091,      693.68181818,      562.89772727,      684.98863636,      852.45454545,      846.14772727,      704.64772727,      831.40909091,     1086.26136364,      811.55681818,      668.39772727,
 SLT.SANTIAGO,      929.90909091,      990.51136364,      876.00000000,      757.19318182,      943.78409091,     1182.03409091,     1141.65909091,      925.85227273,     1095.84090909,     1446.21590909,     1085.12500000,      882.06818182,
 SALTO OSORIO,      968.81818182,     1031.30681818,      914.94318182,      792.93181818,      991.23863636,     1240.17045455,     1195.82954545,      968.77272727,     1140.36363636,     1521.03409091,     1144.14772727,      924.88636364,
 SALTO CAXIAS,     1203.04545455,     1275.53409091,     1132.76136364,     1023.28409091,     1320.32954545,     1647.67045455,     1540.59090909,     1248.86363636,     1448.88636364,     1964.73863636,     1484.28409091,     1183.52272727,
 BAIXO IGUACU,     1300.28409091,     1378.56818182,     1224.46590909,     1106.15909091,     1427.31818182,     1780.43181818,     1664.98863636,     1349.75000000,     1566.20454545,     2123.42045455,     1604.48863636,     1279.11363636,
 BARRA GRANDE,      187.04545455,      235.09090909,      178.34090909,      185.92045455,      253.39772727,      296.28409091,      361.28409091,      373.38636364,      432.76136364,      393.64772727,      234.43181818,      188.34090909,
 GARIBALDI   ,      219.00000000,      261.68181818,      212.68181818,      191.82954545,      253.12500000,      293.29545455,      332.62500000,      337.48863636,      410.90909091,      437.10227273,      284.11363636,      205.12500000,
 CAMPOS NOVOS,      237.14772727,      284.44318182,      230.36363636,      211.51136364,      282.09090909,      327.68181818,      370.96590909,      375.61363636,      456.61363636,      485.21590909,      314.10227273,      225.55681818,
 MACHADINHO  ,      515.75000000,      633.44318182,      498.35227273,      497.98863636,      683.02272727,      796.52272727,      926.79545455,      941.98863636,     1109.57954545,     1116.18181818,      695.37500000,      517.55681818,
 ITA         ,      702.63636364,      857.01136364,      681.73863636,      703.65909091,      984.29545455,     1158.89772727,     1310.42045455,     1335.71590909,     1562.07954545,     1586.13636364,      992.03409091,      729.46590909,
 PASSO FUNDO ,       35.71590909,       34.27272727,       29.21590909,       36.71590909,       56.42045455,       71.86363636,       78.09090909,       70.00000000,       78.11363636,       85.02272727,       59.43181818,       45.68181818,
 MONJOLINHO  ,       62.28409091,       58.96590909,       50.60227273,       63.95454545,       98.19318182,      123.06818182,      134.19318182,      117.38636364,      130.15909091,      148.11363636,      104.32954545,       79.56818182,
 QUEBRA QUEIX,       57.93181818,       66.00000000,       57.09090909,       57.84090909,       82.62500000,       96.00000000,       91.96590909,       86.69318182,       97.85227273,      122.77272727,       83.82954545,       62.81818182,
 CASTRO ALVES,       96.07954545,      119.89772727,       93.15909091,      100.90909091,      128.59090909,      179.63636364,      224.71590909,      226.94318182,      252.39772727,      216.56818182,      124.20454545,       98.09090909,
 MONTE CLARO ,      163.85227273,      202.11363636,      157.37500000,      176.45454545,      241.57954545,      326.07954545,      411.94318182,      412.01136364,      467.11363636,      404.06818182,      227.57954545,      181.67045455,
 14 DE JULHO ,      169.45454545,      208.85227273,      163.22727273,      182.22727273,      249.67045455,      337.22727273,      426.40909091,      426.44318182,      483.00000000,      418.87500000,      236.39772727,      187.97727273,
 SAO JOSE    ,      167.29545455,      145.23863636,      125.15909091,      192.84090909,      251.44318182,      303.92045455,      291.73863636,      276.88636364,      323.62500000,      368.02272727,      276.80681818,      218.80681818,
 PASSO S JOAO,      174.00000000,      150.87500000,      130.01136364,      198.87500000,      260.07954545,      315.78409091,      303.35227273,      287.50000000,      335.01136364,      382.11363636,      288.62500000,      227.42045455,
 FOZ CHAPECO ,      851.97727273,     1015.20454545,      822.09090909,      865.01136364,     1216.81818182,     1456.10227273,     1624.48863636,     1636.90909091,     1886.65909091,     1936.19318182,     1246.03409091,      918.03409091,
 EDGARD SOUZA,      177.40909091,      183.28409091,      162.28409091,      106.92045455,       83.31818182,       78.59090909,       64.21590909,       55.56818182,       70.92045455,       90.37500000,       99.97727273,      130.76136364,
 TRAICAO     ,       45.92045455,       45.92045455,       41.98863636,       29.98863636,       23.14772727,       21.62500000,       18.13636364,       16.32954545,       21.71590909,       26.92045455,       27.46590909,       35.56818182,
 PEDREIRA    ,       25.96590909,       25.46590909,       23.45454545,       16.90909091,       12.45454545,       11.26136364,        9.31818182,        8.48863636,       12.23863636,       15.52272727,       15.87500000,       20.70454545,
 ERNESTINA   ,       21.75000000,       20.06818182,       16.34090909,       21.12500000,       28.79545455,       34.55681818,       39.61363636,       40.02272727,       43.20454545,       46.40909091,       32.70454545,       24.85227273,
 PASSO REAL  ,      140.04545455,      125.31818182,      107.48863636,      143.31818182,      197.72727273,      246.44318182,      271.44318182,      270.29545455,      309.44318182,      314.72727273,      223.46590909,      177.34090909,
 JACUI       ,      141.53409091,      126.34090909,      108.54545455,      144.62500000,      199.47727273,      248.55681818,      273.78409091,      272.38636364,      311.94318182,      317.27272727,      225.18181818,      178.77272727,
 ITAUBA      ,      175.14772727,      157.15909091,      136.26136364,      184.12500000,      253.64772727,      315.81818182,      351.61363636,      343.23863636,      396.54545455,      402.30681818,      290.07954545,      222.55681818,
 D. FRANCISCA,      213.11363636,      194.21590909,      169.48863636,      233.76136364,      310.30681818,      400.56818182,      442.67045455,      418.50000000,      481.53409091,      486.40909091,      346.86363636,      268.59090909,
 G.P. SOUZA  ,       25.57954545,       27.46590909,       24.14772727,       18.18181818,       17.29545455,       17.02272727,       16.77272727,       14.61363636,       18.07954545,       20.54545455,       19.51136364,       20.61363636,
 GUARAPIRANGA,       19.95454545,       20.45454545,       18.53409091,       13.07954545,       10.69318182,       10.36363636,        8.81818182,        7.84090909,        9.47727273,       11.39772727,       11.59090909,       14.86363636,
 BILLINGS    ,       30.14772727,       29.78409091,       26.78409091,       18.17045455,       12.81818182,       11.54545455,        9.72727273,        9.11363636,       13.73863636,       18.01136364,       18.48863636,       23.86363636,
 HENRY BORDEN,        0.00000000,        0.00000000,        0.00000000,        0.00000000,        0.00000000,        0.00000000,        0.00000000,        0.00000000,        0.00000000,        0.00000000,        0.00000000,        0.00000000,
 JAGUARI     ,       44.60227273,       47.14772727,       45.27272727,       32.69318182,       26.19318182,       23.29545455,       19.42045455,       16.95454545,       17.56818182,       20.00000000,       23.30681818,       33.03409091,
 PARAIBUNA   ,      105.50000000,      110.57954545,      101.68181818,       78.39772727,       60.56818182,       53.94318182,       46.98863636,       41.73863636,       44.27272727,       50.34090909,       58.36363636,       78.20454545,
 SANTA BRANCA,      120.31818182,      126.89772727,      115.48863636,       89.07954545,       69.22727273,       62.01136364,       53.71590909,       47.50000000,       50.48863636,       57.20454545,       66.57954545,       88.56818182,
 FUNIL       ,      375.85227273,      393.40909091,      382.19318182,      269.77272727,      188.39772727,      165.27272727,      138.88636364,      119.06818182,      122.80681818,      147.02272727,      184.82954545,      265.64772727,
 LAJES       ,       10.05681818,        9.14772727,        9.28409091,        6.57954545,        4.51136364,        3.45454545,        2.79545455,        2.28409091,        2.64772727,        3.17045455,        4.84090909,        7.73863636,
 STA CECILIA ,      493.05681818,      509.64772727,      488.69318182,      340.65909091,      238.90909091,      207.19318182,      172.00000000,      146.82954545,      151.37500000,      181.93181818,      239.25000000,      347.04545455,
 PICADA      ,       62.89772727,       61.70454545,       56.63636364,       41.78409091,       32.20454545,       27.86363636,       24.17045455,       21.37500000,       21.11363636,       24.19318182,       33.82954545,       48.65909091,
 SOBRAGI     ,      126.10227273,      121.18181818,      111.12500000,       82.04545455,       63.71590909,       55.12500000,       48.04545455,       42.86363636,       43.30681818,       49.62500000,       68.85227273,      100.59090909,
 SIMPLICIO   ,      952.69318182,      944.57954545,      890.80681818,      646.36363636,      461.76136364,      389.97727273,      328.09090909,      281.81818182,      285.78409091,      338.27272727,      465.84090909,      691.76136364,
 ILHA POMBOS ,     1063.54545455,     1058.19318182,      997.73863636,      718.67045455,      510.09090909,      429.97727273,      360.89772727,      309.72727273,      314.52272727,      374.09090909,      515.71590909,      772.60227273,
 NILO PECANHA,        0.00000000,        0.00000000,        0.00000000,        0.00000000,        0.00000000,        0.00000000,        0.00000000,        0.00000000,        0.00000000,        0.00000000,        0.00000000,        0.00000000,
 P. PASSOS   ,        0.00000000,        0.00000000,        0.00000000,        0.00000000,        0.00000000,        0.00000000,        0.00000000,        0.00000000,        0.00000000,        0.00000000,        0.00000000,        0.00000000,
 SALTO GRANDE,      287.55681818,      234.28409091,      209.14772727,      157.51136364,      113.15909091,       92.75000000,       78.88636364,       68.44318182,       65.76136364,       83.67045455,      157.92045455,      251.84090909,
 P. ESTRELA  ,      299.78409091,      244.22727273,      217.93181818,      164.32954545,      118.03409091,       96.86363636,       82.25000000,       71.37500000,       68.57954545,       87.25000000,      164.47727273,      262.35227273,
 CANDONGA    ,      264.15909091,      223.96590909,      201.32954545,      155.30681818,      119.52272727,      104.38636364,       93.14772727,       83.62500000,       83.12500000,       97.56818182,      143.42045455,      225.37500000,
 BAGUARI     ,     1015.06818182,      829.60227273,      734.38636364,      573.68181818,      430.26136364,      365.81818182,      323.52272727,      289.76136364,      281.71590909,      338.34090909,      547.56818182,      887.44318182,
 AIMORES     ,     1558.45454545,     1219.79545455,     1071.84090909,      827.29545455,      601.64772727,      504.47727273,      446.01136364,      396.60227273,      381.95454545,      476.21590909,      812.25000000,     1373.05681818,
 MASCARENHAS ,     1815.14772727,     1415.69318182,     1243.27272727,      959.37500000,      697.12500000,      582.38636364,      514.18181818,      455.75000000,      437.62500000,      547.80681818,      942.46590909,     1599.85227273,
 IRAPE       ,      334.38636364,      228.97727273,      204.87500000,      128.54545455,       68.01136364,       51.06818182,       42.25000000,       35.12500000,       33.88636364,       64.82954545,      193.88636364,      346.28409091,
 SAO DOMINGOS,      150.70454545,      155.72727273,      151.54545455,      133.35227273,      123.50000000,      114.81818182,      109.15909091,      105.32954545,      108.00000000,      113.84090909,      117.76136364,      132.68181818,
 ITAPEBI     ,      794.01136364,      586.87500000,      480.62500000,      330.95454545,      200.62500000,      159.37500000,      134.62500000,      113.80681818,      103.52272727,      164.42045455,      455.38636364,      857.38636364,
 RETIRO BAIXO,      318.88636364,      272.53409091,      234.04545455,      153.31818182,      106.34090909,       87.07954545,       70.64772727,       60.26136364,       58.40909091,       73.81818182,      127.20454545,      243.88636364,
 TRES MARIAS ,     1419.93181818,     1318.34090909,     1101.11363636,      726.48863636,      436.22727273,      329.05681818,      263.67045455,      214.93181818,      210.11363636,      285.97727273,      582.13636364,     1082.11363636,
 QUEIMADO    ,       79.62500000,       80.59090909,       84.51136364,       66.81818182,       46.22727273,       38.69318182,       33.62500000,       28.79545455,       26.38636364,       31.42045455,       49.65909091,       76.01136364,
 SOBRADINHO  ,     4532.75000000,     4750.65909091,     4570.34090909,     3625.76136364,     2191.96590909,     1500.69318182,     1253.62500000,     1085.78409091,      970.80681818,     1083.46590909,     1802.43181818,     3283.18181818,
 ITAPARICA   ,     4574.77272727,     4866.23863636,     4827.89772727,     3928.52272727,     2365.21590909,     1558.82954545,     1282.21590909,     1118.71590909,      999.89772727,     1078.19318182,     1731.54545455,     3227.96590909,
 MOXOTO      ,     4571.90909091,     4882.80681818,     4870.47727273,     3998.10227273,     2415.62500000,     1578.39772727,     1293.79545455,     1130.18181818,     1010.47727273,     1079.25000000,     1708.27272727,     3205.48863636,
 P.AFONSO 123,     4571.90909091,     4882.80681818,     4870.47727273,     3998.10227273,     2415.62500000,     1578.39772727,     1293.79545455,     1130.18181818,     1010.47727273,     1079.25000000,     1708.27272727,     3205.48863636,
 P.AFONSO 4  ,        0.00000000,        0.00000000,        0.00000000,        0.00000000,        0.00000000,        0.00000000,        0.00000000,        0.00000000,        0.00000000,        0.00000000,        0.00000000,        0.00000000,
 XINGO       ,     4570.76136364,     4882.90909091,     4870.81818182,     3997.55681818,     2416.42045455,     1578.40909091,     1293.86363636,     1130.21590909,     1010.51136364,     1078.94318182,     1708.05681818,     3203.84090909,
 TOCOS       ,       24.05681818,       24.23863636,       22.63636364,       17.62500000,       12.03409091,        8.90909091,        7.27272727,        6.17045455,        6.35227273,        7.72727273,       11.67045455,       17.96590909,
 SANTANA     ,       40.47727273,       40.76136364,       37.80681818,       29.50000000,       20.29545455,       14.94318182,       12.28409091,       10.50000000,       10.87500000,       13.17045455,       19.60227273,       29.97727273,
 VIGARIO     ,        0.00000000,        0.00000000,        0.00000000,        0.00000000,        0.00000000,        0.00000000,        0.00000000,        0.00000000,        0.00000000,        0.00000000,        0.00000000,        0.00000000,
 FONTES A    ,        0.00000000,        0.00000000,        0.00000000,        0.00000000,        0.00000000,        0.00000000,        0.00000000,        0.00000000,        0.00000000,        0.00000000,        0.00000000,        0.00000000,
 FONTES BC   ,        0.00000000,        0.00000000,        0.00000000,        0.00000000,        0.00000000,        0.00000000,        0.00000000,        0.00000000,        0.00000000,        0.00000000,        0.00000000,        0.00000000,
 P. CAVALO   ,      157.39772727,      153.96590909,      152.23863636,      127.90909091,       77.80681818,       53.43181818,       53.61363636,       42.92045455,       29.32954545,       34.86363636,       92.47727273,      194.61363636,
 B. ESPERANCA,      640.50000000,      716.55681818,      758.15909091,      668.67045455,      433.23863636,      301.86363636,      260.51136364,      238.13636364,      232.72727273,      282.09090909,      392.10227273,      521.92045455,
 GUILMAN-AMOR,      147.97727273,      113.71590909,      102.84090909,       74.02272727,       55.52272727,       47.40909091,       41.67045455,       36.87500000,       37.09090909,       46.53409091,       77.29545455,      128.19318182,
 SA CARVALHO ,      161.55681818,      124.13636364,      112.13636364,       80.89772727,       60.63636364,       51.67045455,       45.48863636,       40.31818182,       40.44318182,       50.68181818,       84.23863636,      140.03409091,
 JAURU       ,       97.15909091,      101.61363636,      109.47727273,       95.37500000,       84.21590909,       78.56818182,       75.29545455,       71.75000000,       70.85227273,       74.46590909,       78.96590909,       87.13636364,
 GUAPORE     ,       35.51136364,       37.52272727,       39.30681818,       37.05681818,       33.93181818,       31.69318182,       30.36363636,       29.59090909,       29.39772727,       30.23863636,       31.40909091,       33.00000000,
 CORUMBA III ,      264.52272727,      290.17045455,      293.25000000,      231.42045455,      144.85227273,      106.40909091,       83.06818182,       65.51136364,       56.61363636,       73.86363636,      122.48863636,      197.00000000,
 CACH.CALDEIR,      527.52272727,     1000.36363636,     1520.26136364,     1878.43181818,     2010.44318182,     1580.97727273,     1170.45454545,      782.80681818,      454.68181818,      273.06818182,      194.63636364,      238.90909091,
 SALTO PILAO ,      115.73863636,      133.60227273,      105.23863636,       76.31818182,       92.51136364,       97.89772727,      117.28409091,      128.92045455,      159.71590909,      172.12500000,      114.25000000,       96.15909091,
 ROSAL       ,       60.72727273,       45.42045455,       44.53409091,       36.70454545,       25.54545455,       20.03409091,       17.35227273,       14.50000000,       14.28409091,       19.13636364,       37.17045455,       57.60227273,
 SINOP       ,     1433.00000000,     1608.68181818,     1623.71590909,     1292.20454545,      885.68181818,      658.79545455,      524.45454545,      443.65909091,      408.59090909,      476.70454545,      697.94318182,     1081.82954545,
 COLIDER     ,     1565.84090909,     1757.63636364,     1774.15909091,     1412.22727273,      967.82954545,      719.89772727,      573.07954545,      484.70454545,      446.42045455,      520.92045455,      762.53409091,     1182.13636364,
 TELES PIRES ,     3663.00000000,     4305.02272727,     4505.88636364,     3624.27272727,     2308.90909091,     1475.35227273,     1044.40909091,      803.55681818,      699.05681818,      880.80681818,     1468.72727273,     2561.70454545,
 SAO MANOEL  ,     3695.71590909,     4343.12500000,     4546.22727273,     3657.01136364,     2329.93181818,     1488.82954545,     1053.95454545,      810.87500000,      705.36363636,      888.79545455,     1482.95454545,     2585.46590909,
 SLT VERDINHO,      261.86363636,      282.06818182,      285.17045455,      229.95454545,      179.12500000,      155.52272727,      138.76136364,      128.50000000,      131.64772727,      150.07954545,      179.96590909,      222.89772727,
 OURINHOS    ,      524.85227273,      551.18181818,      458.31818182,      331.69318182,      309.44318182,      326.76136364,      282.88636364,      234.07954545,      261.76136364,      311.51136364,      294.25000000,      358.35227273,
 SERRA MESA  ,     1393.00000000,     1580.80681818,     1465.60227273,     1040.65909091,      551.87500000,      381.40909091,      286.84090909,      221.64772727,      209.81818182,      306.35227273,      557.11363636,     1038.75000000,
 CANA BRAVA  ,     1553.39772727,     1761.29545455,     1636.26136364,     1164.09090909,      620.52272727,      428.75000000,      324.42045455,      253.30681818,      238.44318182,      346.90909091,      627.61363636,     1156.77272727,
 SAO SALVADOR,     1707.48863636,     1942.88636364,     1820.68181818,     1316.98863636,      696.72727273,      470.51136364,      355.27272727,      277.59090909,      260.97727273,      372.92045455,      680.48863636,     1273.15909091,
 PEIXE ANGIC ,     3033.32954545,     3428.55681818,     3289.61363636,     2343.53409091,     1166.53409091,      764.23863636,      583.71590909,      468.12500000,      444.65909091,      613.25000000,     1163.26136364,     2264.84090909,
 LAJEADO     ,     4326.17045455,     4995.51136364,     5015.12500000,     3756.27272727,     1852.30681818,     1099.35227273,      789.86363636,      605.80681818,      550.55681818,      769.00000000,     1529.82954545,     3088.62500000,
 SALTO       ,      240.73863636,      259.22727273,      262.03409091,      210.79545455,      164.45454545,      142.81818182,      127.51136364,      118.11363636,      121.04545455,      138.00000000,      165.62500000,      204.87500000,
 ESTREITO TOC,     6718.97727273,     8135.76136364,     8623.09090909,     7193.21590909,     4026.06818182,     2295.42045455,     1624.51136364,     1254.06818182,     1129.72727273,     1458.57954545,     2538.71590909,     4660.84090909,
 CURUA-UNA   ,      142.56818182,      209.56818182,      320.35227273,      407.54545455,      384.97727273,      264.86363636,      195.65909091,      147.88636364,      127.97727273,      114.57954545,      114.72727273,      119.55681818,
 TUCURUI     ,    14838.02272727,    20321.15909091,    23791.22727273,    23763.79545455,    15383.07954545,     7186.51136364,     4121.25000000,     2887.85227273,     2279.34090909,     2556.88636364,     4252.88636364,     8419.60227273,
 RONDON II   ,      117.31818182,      135.35227273,      148.52272727,      111.52272727,       79.64772727,       64.12500000,       58.29545455,       54.02272727,       52.71590909,       56.92045455,       66.56818182,       89.17045455,
 BALBINA     ,      388.93181818,      585.02272727,      750.37500000,     1018.31818182,     1179.75000000,     1036.13636364,      665.53409091,      417.13636364,      312.59090909,      267.79545455,      265.77272727,      299.52272727,
 MANSO       ,      303.22727273,      344.84090909,      322.57954545,      214.69318182,      121.68181818,       90.92045455,       76.76136364,       68.26136364,       69.44318182,       93.03409091,      130.72727273,      207.76136364,
 SAMUEL      ,      481.53409091,      743.02272727,      846.01136364,      759.07954545,      462.02272727,      241.39772727,      141.01136364,       87.38636364,       61.72727273,       60.44318182,      120.35227273,      250.42045455,
 COARACY NUNE,      528.69318182,     1002.81818182,     1524.21590909,     1883.39772727,     2015.78409091,     1585.14772727,     1173.51136364,      784.88636364,      455.78409091,      273.89772727,      195.07954545,      239.44318182,
 PONTE PEDRA ,       86.43181818,       90.94318182,       92.04545455,       85.05681818,       77.21590909,       71.47727273,       67.30681818,       63.97727273,       63.45454545,       66.89772727,       72.25000000,       78.95454545,
 STA CLARA MG,      170.40909091,      120.78409091,      117.22727273,      103.52272727,       70.98863636,       60.02272727,       58.31818182,       49.12500000,       42.95454545,       59.52272727,      119.47727273,      179.18181818,
 FERREIRA GOM,      533.42045455,     1011.82954545,     1537.79545455,     1900.03409091,     2033.80681818,     1599.25000000,     1183.97727273,      792.03409091,      459.89772727,      276.43181818,      196.82954545,      241.63636364,
 JIRAU       ,    23593.61363636,    30321.85227273,    35050.20454545,    33860.79545455,    26133.13636364,    18231.77272727,    11628.31818182,     7137.21590909,     5296.47727273,     6339.52272727,    10080.02272727,    16158.65909091,
 STO ANT JARI,      676.18181818,     1067.00000000,     1378.80681818,     1831.69318182,     2145.47727273,     2069.72727273,     1452.43181818,      959.62500000,      594.15909091,      338.63636364,      245.50000000,      346.63636364,
 STO ANTONIO ,    23939.48863636,    30754.63636364,    35579.28409091,    34388.69318182,    26544.77272727,    18528.50000000,    11817.79545455,     7251.65909091,     5380.17045455,     6430.04545455,    10219.68181818,    16385.48863636,
 BELO MONTE  ,        0.00000000,        0.00000000,        0.00000000,        0.00000000,        0.00000000,        0.00000000,        0.00000000,        0.00000000,        0.00000000,        0.00000000,        0.00000000,        0.00000000,
 ESPORA      ,       80.20454545,       85.04545455,       85.47727273,       73.09090909,       60.20454545,       54.07954545,       49.31818182,       46.47727273,       46.93181818,       51.11363636,       58.54545455,       69.90909091,
 ITIQUIRA I  ,      100.56818182,      113.88636364,      111.63636364,       89.43181818,       66.67045455,       56.95454545,       51.14772727,       47.25000000,       47.73863636,       52.22727273,       61.54545455,       80.62500000,
 ITIQUIRA II ,        0.00000000,        0.00000000,        0.00000000,        0.00000000,        0.00000000,        0.00000000,        0.00000000,        0.00000000,        0.00000000,        0.00000000,        0.00000000,        0.00000000,
 DARDANELOS  ,      494.71590909,      738.65909091,      827.52272727,      728.43181818,      460.59090909,      215.59090909,       99.88636364,       57.37500000,       46.77272727,       53.54545455,       94.23863636,      229.68181818,
 CACU        ,      284.88636364,      316.50000000,      325.68181818,      251.10227273,      176.14772727,      138.48863636,      115.20454545,      100.18181818,      101.67045455,      125.15909091,      165.59090909,      229.69318182,
 B. COQUEIROS,      296.13636364,      329.14772727,      338.65909091,      261.38636364,      183.44318182,      144.18181818,      119.92045455,      104.27272727,      105.70454545,      130.22727273,      172.25000000,      238.95454545,
 PIMENTAL    ,     8012.06818182,    13278.62500000,    18107.44318182,    21214.31818182,    15322.48863636,     7286.05681818,     2921.31818182,     1578.54545455,     1080.79545455,     1100.64772727,     1871.30681818,     3843.15909091,
 FOZ R. CLARO,      316.87500000,      352.72727273,      362.71590909,      280.75000000,      196.94318182,      155.09090909,      128.95454545,      112.21590909,      113.73863636,      139.79545455,      184.20454545,      255.64772727,
 SOBRADINHO_L,     3167.31818182,     3291.02272727,     3283.84090909,     2632.42045455,     1592.19318182,     1087.61363636,      931.57954545,      824.06818182,      736.10227273,      803.50000000,     1312.88636364,     2375.23863636,
